
ans =

    3.1416


ans =

   0.0000 + 1.0000i


ans =

  2.2251e-308


ans =

  1.7977e+308


ans =

     2


ans =

    2.7183


ans =

     1


ans =

    0.5000


ans =

    0.5000


ans =

    3.1416


ans =

    3.1416


ans =

   3.141592653589793


ans =

   3.1416e+00


ans =

     2.718281828459046e+00


x =

   1.0000e-03


y =

    -3


z =

   -2.9990


x =

     3


z =

   -2.9990


x =

   -4.0000    3.2000    5.0000   -9.0000    6.1000


c1 =

     1
     2
     3
     4
     5


xx =

    11
    22
    33
    44


c2 =

   -4.0000
    3.2000
    5.0000
   -9.0000
    6.1000


ans =

   -2.0000    1.6000    2.5000   -4.5000    3.0500


ans =

   -2.8000    4.4000    6.2000   -7.8000    7.3000


y =

   -4.0000   10.4000   14.0000  -14.0000   16.2000


ans =

   16.0000   33.2800   70.0000  126.0000   98.8200


ans =

    0.4419


ans =

    1.0000    0.3077    0.3571    0.6429    0.3765


a =

     5


b =

     5


x =

  Columns 1 through 12

     2     4     6     8    10    12    14    16    18    20    22    24

  Column 13

    26


ans =

    13


x2 =

     6


x2 =

     6    12


ans =

     2


x1 =

     4     8    12    16    20


ans =

     5


mhkos =

   49.0535


ans =

     2


ans =

    25


ans =

    12


therm =

     8     9    12    17    13    10


b =

     6


xx =

  Columns 1 through 7

    1.0000    1.2000    1.4000    1.6000    1.8000    2.0000    2.2000

  Columns 8 through 14

    2.4000    2.6000    2.8000    3.0000    3.2000    3.4000    3.6000

  Columns 15 through 21

    3.8000    4.0000    4.2000    4.4000    4.6000    4.8000    5.0000

  Columns 22 through 26

    5.2000    5.4000    5.6000    5.8000    6.0000


yy =

  Columns 1 through 7

    6.5000    7.0000    7.5000    8.0000    8.5000    9.0000    9.5000

  Columns 8 through 14

   10.0000   10.5000   11.0000   11.5000   12.0000   12.5000   13.0000

  Columns 15 through 21

   13.5000   14.0000   14.5000   15.0000   15.5000   16.0000   16.5000

  Columns 22 through 26

   17.0000   17.5000   18.0000   18.5000   19.0000


d =

     1     2     3
     4     5     6


s1 =

     6


y =

  Columns 1 through 12

    -6    -3     0     3     6     9    12    15    18    21    24    27

  Columns 13 through 18

    30    33    36    39    42    45


d =

  Columns 1 through 6

          36           9           0           9          36          81

  Columns 7 through 12

         144         225         324         441         576         729

  Columns 13 through 18

         900        1089        1296        1521        1764        2025


eg =

       11205


nor2 =

  105.8537




3/0

ans =

   Inf

0/0

ans =

   NaN

(3/0) - (4/0)

ans =

   NaN

x = [1 2 3]

x =

     1     2     3

y = [5 ; 6; 7]

y =

     5
     6
     7

x+y

ans =

     6     7     8
     7     8     9
     8     9    10

y'

ans =

     5     6     7

x+y'

ans =

     6     8    10

xx = [0:1:23];
yy = 3*xx+5;
length(xx)

ans =

    24

length(yy)

ans =

    24

plot(xx,yy)
xlabel('x')
ylabel('y')
title('first graph ever')
pwd

ans =

    '/Users/yota/Desktop/ECE220/21Spring/lectures_labs/lab01'

diary off

ans =

    3.1416


ans =

   0.0000 + 1.0000i


ans =

  2.2251e-308


ans =

  1.7977e+308


ans =

     2


ans =

    2.7183


ans =

     1


ans =

    0.5000


ans =

    0.5000


ans =

    3.1416


ans =

    3.1416


ans =

   3.141592653589793


ans =

   3.1416e+00


ans =

     2.718281828459046e+00


x =

   1.0000e-03


y =

    -3


z =

   -2.9990


x =

     3


z =

   -2.9990


x =

   -4.0000    3.2000    5.0000   -9.0000    6.1000


c1 =

     1
     2
     3
     4
     5


xx =

    11
    22
    33
    44


c2 =

   -4.0000
    3.2000
    5.0000
   -9.0000
    6.1000


ans =

   -2.0000    1.6000    2.5000   -4.5000    3.0500


ans =

   -2.8000    4.4000    6.2000   -7.8000    7.3000


y =

   -4.0000   10.4000   14.0000  -14.0000   16.2000


ans =

   16.0000   33.2800   70.0000  126.0000   98.8200


ans =

    0.4419


ans =

    1.0000    0.3077    0.3571    0.6429    0.3765


a =

     5


b =

     5


x =

     2     4     6     8    10    12    14    16    18    20    22    24    26


ans =

    13


x2 =

     6


x2 =

     6    12


ans =

     2


x1 =

     4     8    12    16    20


ans =

     5


mhkos =

   49.0535


ans =

     2


ans =

    25


ans =

    12


therm =

     8     9    12    17    13    10


b =

     6


xx =

  Columns 1 through 8

    1.0000    1.2000    1.4000    1.6000    1.8000    2.0000    2.2000    2.4000

  Columns 9 through 16

    2.6000    2.8000    3.0000    3.2000    3.4000    3.6000    3.8000    4.0000

  Columns 17 through 24

    4.2000    4.4000    4.6000    4.8000    5.0000    5.2000    5.4000    5.6000

  Columns 25 through 26

    5.8000    6.0000


yy =

  Columns 1 through 8

    6.5000    7.0000    7.5000    8.0000    8.5000    9.0000    9.5000   10.0000

  Columns 9 through 16

   10.5000   11.0000   11.5000   12.0000   12.5000   13.0000   13.5000   14.0000

  Columns 17 through 24

   14.5000   15.0000   15.5000   16.0000   16.5000   17.0000   17.5000   18.0000

  Columns 25 through 26

   18.5000   19.0000


d =

     1     2     3
     4     5     6


s1 =

     6


y =

  Columns 1 through 14

    -6    -3     0     3     6     9    12    15    18    21    24    27    30    33

  Columns 15 through 18

    36    39    42    45


d =

  Columns 1 through 7

          36           9           0           9          36          81         144

  Columns 8 through 14

         225         324         441         576         729         900        1089

  Columns 15 through 18

        1296        1521        1764        2025


eg =

       11205


nor2 =

  105.8537


ans =

    3.1416


ans =

   0.0000 + 1.0000i


ans =

  2.2251e-308


ans =

  1.7977e+308


ans =

     2


ans =

    2.7183


ans =

     1


ans =

    0.5000


ans =

    0.5000


ans =

    3.1416


ans =

    3.1416


ans =

   3.141592653589793


ans =

   3.1416e+00


ans =

     2.718281828459046e+00


x =

   1.0000e-03


y =

    -3


z =

   -2.9990


x =

     3


z =

   -2.9990


x =

   -4.0000    3.2000    5.0000   -9.0000    6.1000


c1 =

     1
     2
     3
     4
     5


xx =

    11
    22
    33
    44


c2 =

   -4.0000
    3.2000
    5.0000
   -9.0000
    6.1000


ans =

   -2.0000    1.6000    2.5000   -4.5000    3.0500


ans =

   -2.8000    4.4000    6.2000   -7.8000    7.3000


y =

   -4.0000   10.4000   14.0000  -14.0000   16.2000


ans =

   16.0000   33.2800   70.0000  126.0000   98.8200


ans =

    0.4419


ans =

    1.0000    0.3077    0.3571    0.6429    0.3765


a =

     5


b =

     5


x =

     2     4     6     8    10    12    14    16    18    20    22    24    26


ans =

    13


x2 =

     6    12


x2 =

     6    12


ans =

     2


x1 =

     4     8    12    16    20


ans =

     5


mhkos =

   49.0535


ans =

     2


ans =

    25


ans =

    12


therm =

     8     9    12    17    13    10


b =

     6


xx =

  Columns 1 through 8

    1.0000    1.2000    1.4000    1.6000    1.8000    2.0000    2.2000    2.4000

  Columns 9 through 16

    2.6000    2.8000    3.0000    3.2000    3.4000    3.6000    3.8000    4.0000

  Columns 17 through 24

    4.2000    4.4000    4.6000    4.8000    5.0000    5.2000    5.4000    5.6000

  Columns 25 through 26

    5.8000    6.0000


yy =

  Columns 1 through 8

    6.5000    7.0000    7.5000    8.0000    8.5000    9.0000    9.5000   10.0000

  Columns 9 through 16

   10.5000   11.0000   11.5000   12.0000   12.5000   13.0000   13.5000   14.0000

  Columns 17 through 24

   14.5000   15.0000   15.5000   16.0000   16.5000   17.0000   17.5000   18.0000

  Columns 25 through 26

   18.5000   19.0000


d =

     1     2     3
     4     5     6


s1 =

     6


y =

  Columns 1 through 13

    -6    -3     0     3     6     9    12    15    18    21    24    27    30

